0.000000000000000000e+00
-8.587646484375000000e-01
-8.587646484375000000e-01
-8.587646484375000000e-01
-8.587646484375000000e-01
-8.221740722656250000e-01
-8.221740722656250000e-01
-8.221740722656250000e-01
-8.221740722656250000e-01
-8.221740722656250000e-01
-7.871704101562500000e-01
-7.871704101562500000e-01
-7.871704101562500000e-01
-7.871704101562500000e-01
-7.536315917968750000e-01
-7.536315917968750000e-01
-7.536315917968750000e-01
-7.536315917968750000e-01
-7.214965820312500000e-01
-7.214965820312500000e-01
-7.214965820312500000e-01
-7.214965820312500000e-01
-6.907348632812500000e-01
-6.907348632812500000e-01
-6.907348632812500000e-01
-6.612854003906250000e-01
-6.612854003906250000e-01
-6.612854003906250000e-01
-6.330871582031250000e-01
-6.330871582031250000e-01
-6.060791015625000000e-01
-6.060791015625000000e-01
-6.060791015625000000e-01
-5.802307128906250000e-01
-5.802307128906250000e-01
-5.554504394531250000e-01
-5.554504394531250000e-01
-5.554504394531250000e-01
-5.317382812500000000e-01
-5.317382812500000000e-01
-5.090332031250000000e-01
-5.090332031250000000e-01
-4.872741699218750000e-01
-4.872741699218750000e-01
-4.872741699218750000e-01
-4.664611816406250000e-01
-4.664611816406250000e-01
-4.465026855468750000e-01
-4.465026855468750000e-01
-4.274291992187500000e-01
-4.274291992187500000e-01
-4.091186523437500000e-01
-4.091186523437500000e-01
-3.916320800781250000e-01
-3.748474121093750000e-01
-3.748474121093750000e-01
-3.587951660156250000e-01
-3.434143066406250000e-01
-3.434143066406250000e-01
-3.286743164062500000e-01
-3.145751953125000000e-01
-3.010864257812500000e-01
-2.881469726562500000e-01
-2.881469726562500000e-01
-2.757568359375000000e-01
-2.639160156250000000e-01
-2.525634765625000000e-01
-2.416687011718750000e-01
-2.312622070312500000e-01
-2.212829589843750000e-01
-2.117614746093750000e-01
-2.026062011718750000e-01
-1.938476562500000000e-01
-1.774291992187500000e-01
-1.623840332031250000e-01
-1.553344726562500000e-01
-1.421203613281250000e-01
-1.300048828125000000e-01
-1.188659667968750000e-01
-1.086730957031250000e-01
-9.497070312500000000e-02
-8.291625976562500000e-02
-7.232666015625000000e-02
-6.304931640625000000e-02
-4.998779296875000000e-02
-3.948974609375000000e-02
-2.813720703125000000e-02
-1.687622070312500000e-02
-5.218505859375000000e-03
6.042480468750000000e-03
1.687622070312500000e-02
2.813720703125000000e-02
3.948974609375000000e-02
4.998779296875000000e-02
6.304931640625000000e-02
7.571411132812500000e-02
8.676147460937500000e-02
9.497070312500000000e-02
1.086730957031250000e-01
1.188659667968750000e-01
1.300048828125000000e-01
1.421203613281250000e-01
1.553344726562500000e-01
1.623840332031250000e-01
1.774291992187500000e-01
1.854553222656250000e-01
2.026062011718750000e-01
2.117614746093750000e-01
2.212829589843750000e-01
2.312622070312500000e-01
2.416687011718750000e-01
2.525634765625000000e-01
2.639160156250000000e-01
2.757568359375000000e-01
2.881469726562500000e-01
3.010864257812500000e-01
3.010864257812500000e-01
3.145751953125000000e-01
3.286743164062500000e-01
3.434143066406250000e-01
3.434143066406250000e-01
3.587951660156250000e-01
3.748474121093750000e-01
3.748474121093750000e-01
3.916320800781250000e-01
3.916320800781250000e-01
4.091186523437500000e-01
4.091186523437500000e-01
4.274291992187500000e-01
4.274291992187500000e-01
4.274291992187500000e-01
4.465026855468750000e-01
4.465026855468750000e-01
4.664611816406250000e-01
4.664611816406250000e-01
4.664611816406250000e-01
4.872741699218750000e-01
4.872741699218750000e-01
4.872741699218750000e-01
5.090332031250000000e-01
5.090332031250000000e-01
5.090332031250000000e-01
5.317382812500000000e-01
5.317382812500000000e-01
5.317382812500000000e-01
5.554504394531250000e-01
5.554504394531250000e-01
5.554504394531250000e-01
5.554504394531250000e-01
5.554504394531250000e-01
5.802307128906250000e-01
5.802307128906250000e-01
5.802307128906250000e-01
5.802307128906250000e-01
6.060791015625000000e-01
6.060791015625000000e-01
6.060791015625000000e-01
6.060791015625000000e-01
6.060791015625000000e-01
6.330871582031250000e-01
6.330871582031250000e-01
6.330871582031250000e-01
6.330871582031250000e-01
6.330871582031250000e-01
6.330871582031250000e-01
6.330871582031250000e-01
6.907348632812500000e-01
6.907348632812500000e-01
6.612854003906250000e-01
6.612854003906250000e-01
6.612854003906250000e-01
6.907348632812500000e-01
6.907348632812500000e-01
6.907348632812500000e-01
6.907348632812500000e-01
6.907348632812500000e-01
6.907348632812500000e-01
6.907348632812500000e-01
6.907348632812500000e-01
6.907348632812500000e-01
6.907348632812500000e-01
6.907348632812500000e-01
6.907348632812500000e-01
6.907348632812500000e-01
6.907348632812500000e-01
6.907348632812500000e-01
6.907348632812500000e-01
6.907348632812500000e-01
6.907348632812500000e-01
6.907348632812500000e-01
6.907348632812500000e-01
6.907348632812500000e-01
6.907348632812500000e-01
6.907348632812500000e-01
6.907348632812500000e-01
6.907348632812500000e-01
6.907348632812500000e-01
6.907348632812500000e-01
6.907348632812500000e-01
6.907348632812500000e-01
6.907348632812500000e-01
6.907348632812500000e-01
6.907348632812500000e-01
6.907348632812500000e-01
6.907348632812500000e-01
6.907348632812500000e-01
6.907348632812500000e-01
6.907348632812500000e-01
6.907348632812500000e-01
6.907348632812500000e-01
6.907348632812500000e-01
6.907348632812500000e-01
6.907348632812500000e-01
6.907348632812500000e-01
6.612854003906250000e-01
6.612854003906250000e-01
6.612854003906250000e-01
6.612854003906250000e-01
6.612854003906250000e-01
6.612854003906250000e-01
6.612854003906250000e-01
6.330871582031250000e-01
6.330871582031250000e-01
6.330871582031250000e-01
6.330871582031250000e-01
6.330871582031250000e-01
6.330871582031250000e-01
6.060791015625000000e-01
6.060791015625000000e-01
6.060791015625000000e-01
6.060791015625000000e-01
6.060791015625000000e-01
5.802307128906250000e-01
5.802307128906250000e-01
5.802307128906250000e-01
5.802307128906250000e-01
5.554504394531250000e-01
5.554504394531250000e-01
5.554504394531250000e-01
5.554504394531250000e-01
5.554504394531250000e-01
5.317382812500000000e-01
5.317382812500000000e-01
5.317382812500000000e-01
5.317382812500000000e-01
5.317382812500000000e-01
5.090332031250000000e-01
5.317382812500000000e-01
5.317382812500000000e-01
5.317382812500000000e-01
5.317382812500000000e-01
5.317382812500000000e-01
5.317382812500000000e-01
5.317382812500000000e-01
5.317382812500000000e-01
5.090332031250000000e-01
5.090332031250000000e-01
5.090332031250000000e-01
5.090332031250000000e-01
5.090332031250000000e-01
4.872741699218750000e-01
4.872741699218750000e-01
4.664611816406250000e-01
4.664611816406250000e-01
4.664611816406250000e-01
4.465026855468750000e-01
4.465026855468750000e-01
4.274291992187500000e-01
4.274291992187500000e-01
4.091186523437500000e-01
3.916320800781250000e-01
3.916320800781250000e-01
3.748474121093750000e-01
3.587951660156250000e-01
3.587951660156250000e-01
3.434143066406250000e-01
3.286743164062500000e-01
3.286743164062500000e-01
3.145751953125000000e-01
3.010864257812500000e-01
3.010864257812500000e-01
2.881469726562500000e-01
2.757568359375000000e-01
2.639160156250000000e-01
2.525634765625000000e-01
2.525634765625000000e-01
2.416687011718750000e-01
2.312622070312500000e-01
2.212829589843750000e-01
2.117614746093750000e-01
2.026062011718750000e-01
1.938476562500000000e-01
1.854553222656250000e-01
1.697387695312500000e-01
1.623840332031250000e-01
1.553344726562500000e-01
1.421203613281250000e-01
1.359252929687500000e-01
1.243286132812500000e-01
1.136779785156250000e-01
9.933471679687500000e-02
9.075927734375000000e-02
7.922363281250000000e-02
6.909179687500000000e-02
5.746459960937500000e-02
4.553222656250000000e-02
3.421020507812500000e-02
2.304077148437500000e-02
1.141357421875000000e-02
4.577636718750000000e-04
-1.016235351562500000e-02
-2.081298828125000000e-02
-3.103637695312500000e-02
-4.342651367187500000e-02
-5.236816406250000000e-02
-6.304931640625000000e-02
-7.571411132812500000e-02
-8.676147460937500000e-02
-9.933471679687500000e-02
-1.086730957031250000e-01
-1.188659667968750000e-01
-1.300048828125000000e-01
-1.359252929687500000e-01
-1.485900878906250000e-01
-1.553344726562500000e-01
-1.623840332031250000e-01
-1.697387695312500000e-01
-1.774291992187500000e-01
-1.854553222656250000e-01
-2.026062011718750000e-01
-2.117614746093750000e-01
-2.212829589843750000e-01
-2.212829589843750000e-01
-2.312622070312500000e-01
-2.416687011718750000e-01
-2.525634765625000000e-01
-2.639160156250000000e-01
-2.757568359375000000e-01
-2.881469726562500000e-01
-2.881469726562500000e-01
-3.010864257812500000e-01
-3.145751953125000000e-01
-3.145751953125000000e-01
-3.286743164062500000e-01
-3.434143066406250000e-01
-3.587951660156250000e-01
-3.587951660156250000e-01
-3.748474121093750000e-01
-3.748474121093750000e-01
-3.916320800781250000e-01
-3.916320800781250000e-01
-4.091186523437500000e-01
-4.091186523437500000e-01
-4.274291992187500000e-01
-4.274291992187500000e-01
-4.274291992187500000e-01
-4.465026855468750000e-01
-4.465026855468750000e-01
-4.465026855468750000e-01
-4.664611816406250000e-01
-4.664611816406250000e-01
-4.664611816406250000e-01
-4.872741699218750000e-01
-4.872741699218750000e-01
-4.872741699218750000e-01
-4.872741699218750000e-01
-5.090332031250000000e-01
-5.090332031250000000e-01
-5.090332031250000000e-01
-5.090332031250000000e-01
-5.090332031250000000e-01
-5.317382812500000000e-01
-5.317382812500000000e-01
-5.317382812500000000e-01
-5.317382812500000000e-01
-5.317382812500000000e-01
-5.554504394531250000e-01
-5.554504394531250000e-01
-5.554504394531250000e-01
-5.554504394531250000e-01
-5.802307128906250000e-01
-5.802307128906250000e-01
-5.802307128906250000e-01
-5.802307128906250000e-01
-5.802307128906250000e-01
-6.060791015625000000e-01
-6.060791015625000000e-01
-6.060791015625000000e-01
-6.060791015625000000e-01
-6.060791015625000000e-01
-6.060791015625000000e-01
-6.330871582031250000e-01
-6.330871582031250000e-01
-6.330871582031250000e-01
-6.330871582031250000e-01
-6.330871582031250000e-01
-6.330871582031250000e-01
-6.330871582031250000e-01
-6.330871582031250000e-01
-6.330871582031250000e-01
-6.612854003906250000e-01
-6.612854003906250000e-01
-6.612854003906250000e-01
-6.612854003906250000e-01
-6.612854003906250000e-01
-6.612854003906250000e-01
-6.612854003906250000e-01
-6.612854003906250000e-01
-6.612854003906250000e-01
-6.612854003906250000e-01
-6.612854003906250000e-01
-6.612854003906250000e-01
-6.612854003906250000e-01
-6.612854003906250000e-01
-6.612854003906250000e-01
-6.612854003906250000e-01
-6.612854003906250000e-01
-6.612854003906250000e-01
-6.612854003906250000e-01
-6.612854003906250000e-01
-6.612854003906250000e-01
-6.907348632812500000e-01
-6.907348632812500000e-01
-6.907348632812500000e-01
-6.907348632812500000e-01
-6.907348632812500000e-01
-6.907348632812500000e-01
-6.907348632812500000e-01
-6.907348632812500000e-01
-6.907348632812500000e-01
-6.612854003906250000e-01
-6.612854003906250000e-01
-6.612854003906250000e-01
-6.612854003906250000e-01
-6.612854003906250000e-01
-6.612854003906250000e-01
-6.612854003906250000e-01
-6.612854003906250000e-01
-6.612854003906250000e-01
-6.612854003906250000e-01
-6.612854003906250000e-01
-6.612854003906250000e-01
-6.612854003906250000e-01
-6.612854003906250000e-01
-6.612854003906250000e-01
-6.612854003906250000e-01
-6.612854003906250000e-01
-6.612854003906250000e-01
-6.612854003906250000e-01
-6.612854003906250000e-01
-6.612854003906250000e-01
-6.612854003906250000e-01
-6.612854003906250000e-01
-6.612854003906250000e-01
-6.330871582031250000e-01
-6.330871582031250000e-01
-6.330871582031250000e-01
-6.330871582031250000e-01
-6.330871582031250000e-01
-6.330871582031250000e-01
-6.330871582031250000e-01
-6.330871582031250000e-01
-6.330871582031250000e-01
-6.330871582031250000e-01
-6.330871582031250000e-01
-6.330871582031250000e-01
-6.330871582031250000e-01
-6.330871582031250000e-01
-6.330871582031250000e-01
-6.330871582031250000e-01
-6.060791015625000000e-01
-6.060791015625000000e-01
-6.060791015625000000e-01
-6.060791015625000000e-01
-6.060791015625000000e-01
-6.060791015625000000e-01
-6.060791015625000000e-01
-6.060791015625000000e-01
-6.060791015625000000e-01
-6.060791015625000000e-01
-6.060791015625000000e-01
-6.060791015625000000e-01
-5.802307128906250000e-01
-5.802307128906250000e-01
-5.802307128906250000e-01
-5.802307128906250000e-01
-5.802307128906250000e-01
-5.802307128906250000e-01
-5.802307128906250000e-01
-5.802307128906250000e-01
-5.802307128906250000e-01
-5.802307128906250000e-01
-5.802307128906250000e-01
-5.802307128906250000e-01
-5.554504394531250000e-01
-5.554504394531250000e-01
-5.554504394531250000e-01
-5.554504394531250000e-01
-5.554504394531250000e-01
-5.554504394531250000e-01
-5.554504394531250000e-01
-5.554504394531250000e-01
-5.554504394531250000e-01
-5.554504394531250000e-01
-5.554504394531250000e-01
-5.317382812500000000e-01
-5.317382812500000000e-01
-5.317382812500000000e-01
-5.317382812500000000e-01
-5.317382812500000000e-01
-5.317382812500000000e-01
-5.317382812500000000e-01
-5.317382812500000000e-01
0.000000000000000000e+00
